training_time_s = 1078.1220710277557
inference_time_s = 0.6335794925689697
memory_usage_mb = 681.5234375
accuracy = "0.529"
precision = 0.279841
recall = 0.529
f1_score = 0.36604447351209946
