training_time_s = 7824.945473909378
inference_time_s = 1.6840612888336182
memory_usage_mb = 611.67578125
accuracy = "0.471"
precision = 0.22184099999999998
recall = 0.471
f1_score = 0.3016193065941536
