training_time_s = 7151.713557958603
inference_time_s = 1.625967025756836
memory_usage_mb = 533.046875
accuracy = "0.529"
precision = 0.279841
recall = 0.529
f1_score = 0.36604447351209946
