training_time_s = 5313.543625116348
inference_time_s = 2.114682197570801
memory_usage_mb = 562.18359375
accuracy = "0.552"
precision = 0.6188654599110789
recall = 0.552
f1_score = 0.5059944444444444
