training_time_s = 689.4626214504242
inference_time_s = 0.32589054107666016
memory_usage_mb = 435.8203125
accuracy = "0.598"
precision = 0.357604
recall = 0.598
f1_score = 0.44756445556946184
