training_time_s = 10423.461786031723
inference_time_s = 2.5219616889953613
memory_usage_mb = 562.1953125
accuracy = "0.529"
precision = 0.279841
recall = 0.529
f1_score = 0.36604447351209946
