training_time_s = 6437.912169456482
inference_time_s = 1.2234094142913818
memory_usage_mb = 710.41015625
accuracy = "0.529"
precision = 0.279841
recall = 0.529
f1_score = 0.36604447351209946
