training_time_s = 893.2553069591522
inference_time_s = 0.3717479705810547
memory_usage_mb = 464.76953125
accuracy = "0.598"
precision = 0.357604
recall = 0.598
f1_score = 0.44756445556946184
