training_time_s = 4343.347117424011
inference_time_s = 1.5832242965698242
memory_usage_mb = 681.75390625
accuracy = "0.529"
precision = 0.279841
recall = 0.529
f1_score = 0.36604447351209946
