training_time_s = 2421.867785215378
inference_time_s = 1.3994853496551514
memory_usage_mb = 681.24609375
accuracy = "0.529"
precision = 0.279841
recall = 0.529
f1_score = 0.36604447351209946
