training_time_s = 2100.8866810798645
inference_time_s = 0.21437668800354004
memory_usage_mb = 430.65625
accuracy = "0.598"
precision = 0.357604
recall = 0.598
f1_score = 0.44756445556946184
