training_time_s = 1591.2130999565125
inference_time_s = 0.4689803123474121
memory_usage_mb = 425.3359375
accuracy = "0.829"
precision = 0.8344741680935011
recall = 0.829
f1_score = 0.816563115867831
