training_time_s = 601.2654316425323
inference_time_s = 0.09645795822143555
memory_usage_mb = 408.88671875
accuracy = "0.821"
precision = 0.823177738927739
recall = 0.821
f1_score = 0.8088933555420723
