training_time_s = 2856.7801604270935
inference_time_s = 0.7295584678649902
memory_usage_mb = 449.953125
accuracy = "0.596"
precision = 0.6450759445065861
recall = 0.596
f1_score = 0.5956767948287173
