training_time_s = 1533.954642534256
inference_time_s = 0.46763157844543457
memory_usage_mb = 477.046875
accuracy = "0.598"
precision = 0.357604
recall = 0.598
f1_score = 0.44756445556946184
