training_time_s = 643.9850771427155
inference_time_s = 0.10632491111755371
memory_usage_mb = 414.70703125
accuracy = "0.797"
precision = 0.8052002558345951
recall = 0.797
f1_score = 0.7998550561534314
