training_time_s = 1903.9185943603516
inference_time_s = 1.1664648056030273
memory_usage_mb = 562.09375
accuracy = "0.471"
precision = 0.22184099999999998
recall = 0.471
f1_score = 0.3016193065941536
