training_time_s = 3113.8485894203186
inference_time_s = 0.29452967643737793
memory_usage_mb = 451.0859375
accuracy = "0.596"
precision = 0.5525556722689076
recall = 0.596
f1_score = 0.48322752688172044
