training_time_s = 2821.1436972618103
inference_time_s = 0.9662294387817383
memory_usage_mb = 561.99609375
accuracy = "0.526"
precision = 0.4504820295983087
recall = 0.526
f1_score = 0.37163560920407396
