training_time_s = 1573.4544897079468
inference_time_s = 0.21390080451965332
memory_usage_mb = 454.3828125
accuracy = "0.684"
precision = 0.6580751269035533
recall = 0.684
f1_score = 0.5690223490593842
