training_time_s = 5565.27569770813
inference_time_s = 1.1549246311187744
memory_usage_mb = 681.16796875
accuracy = "0.529"
precision = 0.279841
recall = 0.529
f1_score = 0.36604447351209946
