training_time_s = 3238.2642800807953
inference_time_s = 0.9803409576416016
memory_usage_mb = 710.8203125
accuracy = "0.529"
precision = 0.279841
recall = 0.529
f1_score = 0.36604447351209946
