training_time_s = 2717.5420920848846
inference_time_s = 0.5767805576324463
memory_usage_mb = 533.03515625
accuracy = "0.529"
precision = 0.279841
recall = 0.529
f1_score = 0.36604447351209946
