training_time_s = 296.6758232116699
inference_time_s = 0.10790586471557617
memory_usage_mb = 443.75390625
accuracy = "0.89"
precision = 0.8920359699668238
recall = 0.89
f1_score = 0.8861958629605687
