training_time_s = 1680.8685505390167
inference_time_s = 0.7837166786193848
memory_usage_mb = 519.4296875
accuracy = "0.529"
precision = 0.279841
recall = 0.529
f1_score = 0.36604447351209946
