training_time_s = 6558.658488273621
inference_time_s = 1.656484603881836
memory_usage_mb = 611.6875
accuracy = "0.471"
precision = 0.22184099999999998
recall = 0.471
f1_score = 0.3016193065941536
