training_time_s = 3781.9505558013916
inference_time_s = 2.2714476585388184
memory_usage_mb = 611.515625
accuracy = "0.529"
precision = 0.279841
recall = 0.529
f1_score = 0.36604447351209946
