training_time_s = 2143.5674264431
inference_time_s = 1.6852433681488037
memory_usage_mb = 681.375
accuracy = "0.529"
precision = 0.279841
recall = 0.529
f1_score = 0.36604447351209946
