training_time_s = 1845.1138081550598
inference_time_s = 0.2916250228881836
memory_usage_mb = 402.80859375
accuracy = "0.744"
precision = 0.7385543859649123
recall = 0.744
f1_score = 0.7105
