training_time_s = 11555.89753651619
inference_time_s = 2.1205434799194336
memory_usage_mb = 582.5859375
accuracy = "0.529"
precision = 0.279841
recall = 0.529
f1_score = 0.36604447351209946
