training_time_s = 11624.986846923828
inference_time_s = 2.6095376014709473
memory_usage_mb = 681.484375
accuracy = "0.529"
precision = 0.279841
recall = 0.529
f1_score = 0.36604447351209946
