training_time_s = 2566.6285235881805
inference_time_s = 0.5250039100646973
memory_usage_mb = 612.0078125
accuracy = "0.529"
precision = 0.279841
recall = 0.529
f1_score = 0.36604447351209946
