training_time_s = 7212.210336446762
inference_time_s = 0.7622518539428711
memory_usage_mb = 435.51953125
accuracy = "0.598"
precision = 0.357604
recall = 0.598
f1_score = 0.44756445556946184
