training_time_s = 911.5640988349915
inference_time_s = 0.36657071113586426
memory_usage_mb = 477.83203125
accuracy = "0.59"
precision = 0.5463777777777777
recall = 0.59
f1_score = 0.5080017446901313
