training_time_s = 1542.8283746242523
inference_time_s = 0.2674124240875244
memory_usage_mb = 464.88671875
accuracy = "0.611"
precision = 0.6872231631504234
recall = 0.611
f1_score = 0.6048788702762982
