training_time_s = 922.0582501888275
inference_time_s = 0.2263624668121338
memory_usage_mb = 454.36328125
accuracy = "0.742"
precision = 0.8037290004113533
recall = 0.742
f1_score = 0.6769478650990098
